107.60659	177430	
110.17958	154059	
110.63250	154530	
112.62931	150341	
116.23154	593601	
116.43563	116749	
117.34944	164582	
119.83375	317982	
123.36508	481122	
124.90411	114280	
132.69680	1297270	
133.03138	187570	
136.35657	251299	
136.69684	180571	
142.37247	173796	
144.64696	122999	
145.05007	171474	
147.04696	229812	
150.64924	751749	
150.84984	269280	
151.70413	1360235	
152.03874	170925	
154.25139	625112	
154.45221	223949	
159.70434	120403	
165.37968	131675	
168.70825	112635	
174.71159	687199	
175.04634	144502	
178.03986	713865	
178.37405	150057	
178.38347	224678	
178.71169	498697	
180.71522	729416	
181.04992	169414	
182.03985	172582	
183.71576	292860	
184.38725	1426800	
184.71540	330820	
184.72143	234220	
187.71541	1127227	
188.04390	142349	
188.04946	205188	
188.31050	145127	
189.39094	171121	
190.39086	174805	
193.05392	253831	
193.39129	330115	
193.71862	5333589	
193.72456	425203	
194.05368	965550	
194.38797	137640	
194.39456	169944	
199.05781	193375	
199.39479	778481	
199.71671	222698	
199.72267	2882004	
199.73468	141615	
200.05705	671544	
209.06655	450910	
216.06700	178169	
217.06720	170918	
225.39886	134690	
226.07075	175138	
228.07417	180499	
230.07054	278506	
231.40304	130425	
232.07402	293520	
235.07371	106891	
235.40339	112736	
235.74611	857912	
236.07421	844255	
236.40879	227769	
239.40235	422384	
239.73719	148714	
241.07783	1028216	
241.41239	343162	
241.74977	1607461	
242.08365	478466	
242.41161	125931	
244.41313	121927	
245.07778	1867679	
245.41213	574267	
245.74728	108631	
247.75345	689711	
248.08762	228513	
250.41649	349077	
251.07052	605047	
251.08158	6299093	
251.09240	683264	
251.40138	108095	
251.41596	2040122	
251.42546	159912	
251.74995	370962	
252.04352	135517	
256.42005	346153	
257.07353	529567	
257.08513	5314790	
257.09499	382172	
257.41971	1822603	
257.75369	374819	
266.05877	119016	
278.05926	150859	
290.57746	179954	
294.05320	169755	
299.58171	163188	
311.04532	156296	
324.05297	209849	
337.05890	160311	
350.05313	231839	
352.04646	1915162	
352.08204	200929	
353.05002	232590	
354.09797	328810	
363.06457	127899	
364.07095	228212	
368.06791	190803	
368.09802	374347	
369.07212	328416	
370.06201	1117533	
370.09356	6773620	
370.11407	453644	
371.05895	142547	
371.09684	762754	
376.61809	299416	
380.06859	246582	
381.07508	362526	
382.08102	638310	
385.62278	235723	
391.05732	159754	
392.06440	365958	
393.07212	135624	
394.08111	157413	
396.09490	824320	
397.06798	1128294	
398.08846	18307148	
398.11195	1109785	
398.13725	272015	
399.09197	2581814	
399.11651	427416	
400.09426	289375	
407.05514	322247	
408.08422	279168	
409.04350	206404	
409.06777	3387942	
410.08996	2036689	
410.11401	165260	
411.09457	274573	
414.09600	522270	
415.11538	661058	
416.10037	462033	
417.09708	154101	
420.05835	124836	
425.11962	141675	
426.09648	1051256	
427.08733	783038	
427.11655	2105174	
427.14246	135169	
428.08805	195822	
428.11860	225608	
435.04791	249602	
437.09981	1089603	
437.13267	330382	
438.08417	1008124	
439.08771	130403	
444.10642	151560	
445.11047	120217	
451.11769	155695	
452.06984	136874	
453.11438	937167	
454.11606	222825	
455.07921	1242335	
455.10987	18447416	
455.14052	1176075	
455.18954	209860	
456.08223	192317	
456.11303	3452575	
456.14363	188457	
457.11356	460339	
462.12956	112504	
465.09664	258120	
465.13125	610762	
466.13502	164217	
467.11009	431941	
472.13672	826626	
473.11900	394707	
474.09775	183666	
476.11165	237626	
477.11693	349656	
479.11014	1660792	
480.11302	295815	
483.10528	285729	
484.13625	176433	
487.10073	138741	
490.12308	227589	
493.12547	442780	
494.12092	183903	
496.13571	948864	
497.11820	1029315	
497.16059	253494	
498.12264	160511	
504.10428	351062	
505.10997	149586	
506.12013	769514	
507.10164	435404	
508.13560	1223583	
509.14038	232450	
511.14731	394513	
512.12932	465533	
514.14695	848749	
515.14975	189724	
517.13403	171284	
518.11950	504849	
520.13618	155987	
522.13729	401273	
523.14742	1140988	
524.08349	970627	
524.13094	10195662	
524.17149	726554	
525.13181	2298527	
525.17008	342505	
526.13207	299714	
532.11997	484781	
533.12736	404345	
534.07330	628472	
534.11529	9288250	
534.15731	824900	
535.14590	3004025	
536.08181	694267	
536.13018	6237387	
536.17752	963308	
537.13366	1481209	
538.13670	247461	
540.14905	458118	
541.15708	687165	
542.09798	678090	
542.14177	9813558	
542.19553	697914	
543.14472	2215518	
544.14921	404745	
545.12958	436043	
546.11451	1747497	
546.16168	272615	
547.11816	466768	
548.13136	810957	
549.12490	272602	
550.15054	464091	
551.09672	296865	
551.13925	3299225	
551.18086	717106	
552.12640	650702	
552.17451	636336	
553.04046	196626	
553.10490	1839100	
553.15808	18489170	
553.21080	1776534	
554.12738	3223732	
554.17064	2275979	
554.21324	662132	
555.13870	785647	
555.17995	227302	
561.15002	882973	
562.15935	499092	
563.08080	1711046	
563.14209	15081930	
563.19599	1469629	
563.24881	415196	
564.10239	1152336	
564.14913	2800222	
564.19984	576720	
565.11497	313565	
565.15870	788860	
566.15823	267926	
568.16910	2065430	
569.15774	1509762	
570.17669	855938	
571.12121	174850	
571.16900	2199023	
572.17496	394497	
576.09056	233935	
578.14899	436922	
578.19333	145746	
579.11379	467268	
579.16011	3075085	
579.20731	292056	
580.16900	4818883	
581.09472	5849162	
581.15264	60979824	
581.21623	7236926	
581.29409	1053912	
582.02281	193919	
582.09482	1717364	
582.14970	11507889	
582.24362	1642275	
583.17451	3105508	
583.23657	433728	
584.17685	838569	
586.18304	178723	
586.28577	225191	
590.15418	368145	
591.13408	797013	
592.16572	286891	
593.15422	173837	
596.15670	649071	
597.16891	1988801	
598.11763	1011933	
598.17960	10385480	
598.23271	692174	
599.03189	1196379	
599.10155	3497203	
599.16293	34870932	
599.22381	3840879	
599.29231	1204820	
599.35742	202820	
600.10441	986792	
600.16602	9525500	
600.22862	1022758	
601.16819	1669888	
608.16523	911251	
609.14528	1099990	
610.17026	739259	
611.16778	174413	
612.17039	189006	
615.16528	138129	
616.19084	1288309	
617.19618	348943	
618.18468	680784	
619.16319	290679	
620.20376	403140	
621.21280	149341	
622.17617	179574	
623.19980	829054	
624.21033	199855	
625.20048	335369	
626.17213	650828	
627.13960	580049	
627.19549	5483661	
627.26262	607844	
628.19897	1462834	
628.25675	138483	
629.19784	332419	
630.18475	995364	
631.16184	212780	
632.17937	387041	
634.17817	158578	
635.21650	193507	
636.19475	432575	
637.17689	287835	
638.17183	150938	
639.19403	351769	
640.19396	419296	
642.18218	303650	
643.16624	286832	
645.19850	323198	
646.17507	568425	
646.23348	127986	
647.19970	448670	
648.19502	2396596	
648.25587	208452	
649.19835	732266	
650.18704	967445	
651.19476	1665756	
651.25571	153921	
652.19480	811123	
653.18893	232917	
654.20525	138785	
656.19835	315991	
657.19526	244468	
658.17713	489349	
660.19524	1439565	
661.17574	307734	
661.23493	803976	
662.21736	371204	
663.20918	422587	
664.18697	782506	
665.16321	168153	
665.22525	1124553	
666.20387	692415	
667.20986	236246	
668.20963	1166711	
669.20734	392361	
672.19840	169563	
673.22892	554602	
675.20473	575371	
676.12270	127112	
676.18881	1951737	
677.20050	843999	
678.20504	2183558	
679.19055	1128550	
680.22910	510445	
681.22728	387210	
682.19519	256636	
683.23504	194505	
684.21575	1934391	
685.21837	633096	
686.22251	212132	
688.19888	183959	
689.22299	1313349	
690.13470	229419	
690.20513	3445470	
690.27435	287259	
691.21895	1311675	
692.19978	257464	
693.21577	956358	
694.19999	1066595	
695.16775	216396	
695.23482	1541537	
696.14457	277752	
696.21555	3496326	
697.21742	1206599	
698.22913	526749	
700.18817	272198	
705.21727	843105	
706.20025	1292638	
707.16032	830981	
707.23290	10630794	
707.30600	807536	
707.38624	211281	
708.12993	1006063	
708.21678	10245611	
708.32944	299038	
709.14354	209719	
709.21636	3111212	
709.33116	139435	
710.21640	623393	
711.22651	507408	
712.22426	201948	
713.24032	125579	
714.22634	1076185	
715.22755	357369	
716.20240	302446	
717.21625	924820	
718.11104	574112	
718.20070	5460329	
718.27764	377740	
719.20391	1846685	
720.20665	346867	
721.23446	689761	
722.23604	273200	
723.14931	857705	
723.22678	13008980	
723.31478	1334287	
724.15173	326844	
724.22953	4487144	
725.16431	1442997	
725.24226	21364556	
725.33228	2051416	
726.24003	8028398	
727.23650	1950354	
728.23682	405778	
729.23644	225691	
733.23162	1306310	
734.23309	460856	
735.06046	386547	
735.13318	2317303	
735.22692	23940486	
735.32003	2409119	
735.41116	622595	
736.22833	8320219	
736.31019	583006	
737.22903	1919370	
738.22895	285111	
741.24268	803101	
742.25310	268813	
743.15802	807100	
743.25343	8452156	
743.33564	585505	
744.25592	2759611	
745.25770	576374	
745.82884	384826	
751.11345	171990	
751.24225	4311031	
751.32705	312486	
752.24356	1616648	
753.07852	4083335	
753.15404	5389729	
753.23774	76061424	
753.34626	8613514	
753.45684	772693	
753.89576	144289	
754.14302	2670512	
754.24060	27315056	
754.33840	2675946	
754.50387	180784	
755.15680	432737	
755.24262	5730619	
755.32675	447872	
756.24477	822095	
760.80033	393641	
763.57083	291468	
769.16620	318296	
769.25387	3896784	
769.34165	283461	
770.25478	1489924	
770.83508	241954	
770.98404	1428376	
771.13477	7483743	
771.24807	65444620	
771.36152	7494696	
771.51424	1391365	
771.63934	425440	
771.91866	139545	
772.14971	2208476	
772.25136	23360078	
772.35394	2290186	
773.14797	526432	
773.25318	5383954	
773.34178	371688	
774.25679	817079	
775.25489	139899	
779.07500	292822	
