156.10201	1638938	
168.10648	1287331	
171.47342	1179920	
171.92049	1856023	
174.11113	1133900	
177.33180	1157465	
189.11999	1235345	
194.11766	6379597	
199.14422	12291596	
199.25140	1136383	
201.09787	1160583	
207.65514	1272268	
210.14899	5747784	
212.12822	5714370	
219.70939	1135834	
220.30368	1165753	
220.75361	1220840	
223.18054	1358410	
224.16460	9606161	
225.16801	1235183	
225.99000	1805939	
227.13926	1433552	
227.17532	1406684	
234.49853	1169604	
239.21188	1345620	
239.32189	1170752	
241.19117	14324438	
242.19449	2144288	
243.00104	1144407	
251.17551	7468916	
253.15499	1445949	
255.20682	30435826	
256.21017	3900493	
258.95151	1206293	
261.15991	3184854	
262.18008	1289236	
263.17530	1266192	
269.18610	36395436	
270.18134	19289184	
270.18939	4622882	
271.18477	1676498	
276.33827	1285510	
277.56360	1207373	
279.17056	4404342	
279.20686	2637122	
284.14412	1312926	
284.19698	3593053	
291.17050	3742986	
293.22247	6175912	
297.21723	2436469	
298.21264	83679736	
299.21600	10328457	
301.22365	3596744	
302.16614	1902875	
307.20184	2738000	
308.23337	2564281	
312.22830	14335424	
315.26838	1284249	
322.21265	32566964	
323.21612	4709696	
323.22985	1778790	
323.23305	58002536	
323.23631	1371625	
324.23641	8281811	
326.24395	30823532	
327.24728	4468634	
329.25495	3032085	
340.22326	3108660	
340.25947	1490835	
341.21844	4329483	
347.23298	1752216	
348.22837	2407802	
350.20750	8488692	
351.21082	1315582	
353.21823	2073813	
353.25481	6042084	
354.27524	20566600	
355.23418	3356434	
355.27850	3602788	
364.25953	5330493	
366.23872	3526019	
368.29086	138837920	
368.29668	1926495	
369.24982	5698893	
369.28570	1719242	
369.29427	22763294	
370.29737	1965900	
378.27522	23466524	
379.27861	3977601	
380.25434	1406026	
382.30651	6350054	
383.26538	16896368	
383.30978	1844894	
384.26880	2689509	
392.74290	1339167	
396.32223	4539644	
397.27613	6266965	
397.28101	311588448	
397.28753	2803672	
397.31729	4226273	
398.28439	54780284	
399.28794	2957405	
406.30658	4895340	
411.29669	5809520	
414.30748	4644275	
418.26992	2839130	
420.32217	2988749	
424.31713	1968637	
425.27640	2545418	
425.30468	2570576	
425.30678	8132560	
425.31233	313139680	
425.31794	7740883	
425.32010	2675923	
426.31002	4902437	
426.31567	61712036	
427.31923	3952056	
428.32276	1595511	
432.92570	1546928	
435.29674	5453801	
436.28079	3027107	
436.31689	1751737	
439.32798	44101780	
440.33136	9141707	
443.32284	5531869	
449.31232	93401936	
450.31565	18432754	
451.31904	1847828	
452.28668	1939055	
453.34343	2873078	
454.30205	2436876	
456.35440	6931881	
457.35774	2362369	
463.36435	2432406	
465.34391	2464976	
467.32301	3828262	
467.35972	2365387	
468.31815	11165552	
469.32178	1956010	
477.30731	14422691	
477.34329	1987560	
478.31014	2855429	
478.32736	1492360	
481.37517	3106735	
482.33395	4731497	
491.35924	6690701	
492.36237	2294216	
495.39058	10758267	
496.34943	35914352	
496.39409	1653333	
497.35270	7614570	
505.37503	4235899	
509.36956	1676724	
509.40595	1455416	
510.36508	48585504	
511.36825	11285914	
513.37549	1620979	
520.34946	6668100	
520.38559	1692664	
521.35362	1773396	
523.42190	6666257	
524.37284	4513293	
524.38076	159803920	
524.38935	3232271	
524.42515	2021140	
525.38397	38267028	
526.38767	2985047	
527.39131	3446845	
533.40636	13466322	
534.40916	3016798	
538.39634	16935576	
539.39938	4527851	
548.38074	74866568	
549.38397	19077416	
549.40117	12204842	
550.40434	3724876	
551.39185	2412813	
551.41751	1920657	
552.41200	20341012	
553.41518	6284026	
558.36518	1810816	
562.39633	12981443	
563.39968	3994166	
566.39123	6422611	
566.42666	2104538	
567.38659	83041352	
568.38982	21258242	
574.39523	1513631	
576.37565	28027374	
576.41190	6814836	
577.37868	6758448	
577.41548	1743992	
579.38677	6665531	
579.42267	3863554	
580.39033	1919105	
580.40648	2629828	
580.42540	1574888	
581.40265	8405450	
582.40648	2548723	
590.42803	1585497	
590.46428	1547377	
592.40684	2549207	
595.41799	3198995	
598.42875	22990742	
599.43193	5631854	
604.44367	3186898	
605.42704	3514122	
609.43326	5604483	
609.47185	1723435	
616.44254	1945231	
618.45912	10768507	
619.46226	3973985	
623.44921	22377336	
624.45268	6640097	
636.46979	6852198	
637.45291	4843599	
637.46486	171142992	
637.47775	3196245	
638.46820	50273344	
638.48057	2028996	
639.47177	6354224	
644.43807	4432083	
647.44907	7485989	
647.48536	7497134	
648.45308	2199798	
648.48835	2799455	
650.49734	1585922	
652.43963	3548311	
661.46471	7762782	
662.44895	1829709	
662.46843	2058193	
665.49665	2548912	
666.49140	5527201	
667.49512	1954676	
675.46101	2936606	
675.46689	8716063	
675.48046	338977568	
675.49445	7901478	
675.50055	2046759	
676.47081	5540626	
676.48406	107420696	
677.48730	13850119	
678.49047	1788186	
679.47558	3646696	
680.47049	3145111	
683.48149	2621869	
689.49617	9489360	
690.49934	3282879	
693.49120	21135624	
694.48626	101870840	
695.48984	29770722	
696.49312	3089937	
703.47548	35337532	
704.47910	11318055	
705.48262	1693202	
707.50656	2600233	
708.50186	7100752	
709.50701	3035417	
711.51145	2962120	
712.49752	2331147	
723.47651	3259576	
725.52927	2004744	
736.53382	5258030	
737.53620	1856013	
746.51786	9209812	
747.51968	3297649	
750.54893	8873932	
751.55263	2967945	
760.53328	1716423	
774.51441	1731322	
774.54766	3609537	
778.54242	1742884	
779.53890	6194684	
780.54308	2690998	
788.56449	17668128	
789.56800	6852602	
792.59624	1971114	
802.58049	13197825	
803.58347	5022427	
806.57522	15667558	
807.56492	3067325	
807.58170	5241921	
817.55459	17040834	
818.55845	5479327	
820.59090	3359133	
821.58600	39876408	
822.58950	14240532	
823.59335	2172785	
835.56482	2157451	
839.59631	2583824	
845.55050	3552520	
846.55423	2203499	
848.59680	5438969	
850.57635	3127738	
852.62916	1770476	
859.60322	2261512	
863.63203	4300395	
876.59314	3000887	
877.61113	2297350	
887.63221	2833370	
906.63831	6040850	
907.64225	2547646	
930.63855	2741644	
931.63919	1813295	
934.66975	18692574	
935.67389	8779586	
936.67737	1885860	
944.62761	1996307	
944.65468	47418776	
945.65806	22434422	
946.66102	4947347	
962.66570	3107590	
972.64952	5679436	
973.65330	2738901	
979.68817	2041954	
1057.73872	5202560	
1058.76194	4416629	
1059.76446	3919847	
1071.75417	42904328	
1072.75761	22961522	
1073.75980	6695002	
1075.74888	2508970	
1089.76457	3846070	
1090.76066	4201752	
1091.76409	3019259	
1099.74914	20706820	
1100.75222	12029286	
1101.75738	3904007	
1171.80603	3781562	
1184.83836	63515996	
1185.84117	40659420	
1186.84404	10503009	
1202.84864	24531694	
1203.85250	15287933	
1204.85895	3910220	
1377.30332	3388790	
