131.338600	732255.486217
131.699968	3680056.896627
131.700211	419052.572520
141.875834	576467.585721
144.518642	447290.380173
147.482287	913305.682382
173.496401	2232288.966130
173.776306	417314.792822
189.379613	1709284.603814
189.546914	547663.534883
198.156604	487054.037609
207.352963	924791.547629
223.376588	793427.683057
223.792494	647105.128327
227.115545	1583022.560984
227.450133	568458.284407
231.127736	875066.144936
234.443064	635481.142356
236.459436	6778459.373539
236.793971	2093614.017622
240.471622	2087307.456224
240.806199	753413.505205
243.786886	3004552.462947
244.121388	902702.354861
245.467486	578880.404006
245.802537	1487616.473526
245.803395	11306984.419307
246.137872	3498575.844595
247.799153	555054.857482
249.111700	2323156.527056
249.446158	586787.796391
251.114429	615369.452648
253.130882	4064442.839967
253.465319	1284877.197800
256.439224	633498.167152
258.452765	493274.788962
258.455614	2860979.025752
258.790066	1040891.678577
260.458337	622149.311917
265.783030	925401.916990
280.793185	1064521.356511
281.127599	557743.873680
288.345256	4480498.123972
288.346499	715630.830486
290.137146	1119452.585429
291.450747	2576845.215844
291.785069	794981.692493
298.155253	485808.347789
300.794665	3537893.971516
301.129200	1263065.962406
314.091844	715517.017195
315.896348	431209.521426
316.321072	688315.015448
317.092181	696383.321812
319.071391	2371748.070786
320.074840	630377.552013
320.079241	3911221.348409
321.082574	834540.137150
321.087072	6605814.808629
322.090423	1378955.015255
322.187417	1084308.216924
333.087086	5488257.362344
333.741491	793256.001482
334.090400	1066723.099742
334.094856	971554.252411
335.102655	13740218.374044
335.104207	1132183.681628
336.106073	2815483.201306
336.110623	635861.472638
337.118324	1996115.537395
338.341811	2461445.407881
339.345074	680200.938723
349.081918	3943462.139953
350.085278	820759.538967
350.089638	557959.847334
352.069050	621397.127448
353.076914	748001.428866
354.688903	517129.416939
359.240011	560451.598765
360.323986	651834.540139
361.081980	2572988.288958
361.198251	1021107.830532
362.065890	1047931.590014
362.089837	827119.197696
363.097662	1699572.552111
377.076843	1605911.314356
378.084828	693692.239166
379.066679	587780.513916
379.081849	594785.800793
379.084016	1105292.040216
379.085061	1153868.341746
379.086165	1744749.175572
379.087201	2458698.555339
379.088322	4028885.762949
379.089398	7249600.368364
379.092491	203834006.725704
379.094478	14672016.807516
379.095595	6461545.235656
379.096679	3436533.559989
379.097745	2423643.430384
379.098838	1581282.395629
379.099872	1096999.801746
379.100973	904875.778183
379.102013	723215.365057
380.090155	1363527.233392
380.092745	1597190.664942
380.095848	43624672.942496
380.099121	1406092.293597
381.099267	3974112.996892
381.108172	3885915.821418
382.099971	614816.447535
382.111502	782668.218791
383.063834	605522.779104
385.255557	512336.526621
387.271406	1084077.932370
391.230070	930936.657964
395.040574	1413962.268490
400.117985	2067263.434903
401.074536	9347790.359562
401.076821	793733.572709
401.121242	590976.977538
402.077836	1801373.775070
411.014431	1201526.807723
415.211733	2492708.722001
416.112889	643920.236625
417.048403	7823622.422425
418.051758	1930087.836571
419.046632	804302.264842
419.240240	966092.180320
421.255905	1624832.263212
423.056466	3073678.206467
423.235392	663215.613434
424.059703	644545.639475
424.282144	815647.027772
430.087412	2519274.027178
433.011848	2409700.919105
435.271525	1924527.664789
437.134224	616247.876031
437.193543	2157911.549217
438.196873	792669.227668
439.030409	4472164.285104
440.033679	662918.761956
441.014356	2233016.120706
442.277005	714420.217735
443.012357	1122123.866735
445.038447	1075505.690720
446.113469	579164.514260
448.129274	1275526.611184
451.022310	1033217.867215
451.266380	908811.581885
453.167526	2791874.012522
454.171033	724589.178354
455.004298	1667982.312263
457.139540	852280.455283
458.142844	551191.470595
461.012337	2697928.501231
462.015759	635648.288088
462.108347	1335176.798887
463.116408	719972.933767
464.124143	1879849.418696
465.230394	2593997.103458
472.019682	490729.399451
474.282391	1354449.227289
476.986113	2125576.983438
477.989522	508213.722802
478.103443	1294190.944546
478.139734	795525.999206
478.984654	483549.539502
479.111542	780213.461597
480.119216	1898175.464109
480.155406	1194400.384407
481.122556	673893.816200
483.118761	1307323.387484
485.134338	2807650.748849
485.250959	825581.556313
486.137753	1007707.485662
489.234160	629978.840174
491.209835	721087.219708
492.119125	921165.720722
492.292848	771588.574508
492.960366	494419.699250
500.246544	839999.744012
506.134908	2037792.324454
506.159879	901521.989971
507.138172	740206.610678
507.204213	601097.483716
508.114080	482991.647808
508.150298	551277.641220
508.251798	654971.989619
508.266781	1039120.776017
510.129533	533044.927218
512.247081	531878.124104
516.176648	587497.427425
520.139095	743443.899516
522.129821	1258960.434627
524.145267	8987529.343151
524.261565	663432.000532
525.148621	2912903.969172
525.325742	793180.943062
526.160895	2524785.195539
527.164498	745909.945212
531.365241	551660.528505
535.251149	1011457.300134
536.318647	792264.375706
544.272721	1386172.922292
546.127085	602229.675983
550.120514	845819.780245
550.124716	6139134.285138
551.085135	1233394.534110
551.128030	2227774.446724
552.140698	842568.164040
555.278828	509182.986145
560.267643	9101931.497285
561.165819	1023058.029588
561.270893	1991330.684101
563.181798	618298.964500
566.119568	1300846.241383
568.128276	1131151.029632
568.135230	34479177.220920
568.142266	1205696.564558
569.138539	11480215.642172
570.142309	1581770.531232
570.150576	1119854.829592
573.350877	541231.684157
575.278769	530485.476944
576.262426	1123353.867643
579.303694	598953.980280
579.310102	1090313.668485
581.283123	1134255.245921
581.303820	693179.831065
582.249256	1157080.432030
584.319241	771880.916094
586.298678	1182549.146754
588.101469	663588.466232
590.117060	1885434.202007
591.120754	702140.267417
591.176140	1362591.242280
591.309664	631608.974395
593.241428	652419.434338
593.277500	549763.847583
594.296401	820280.384433
595.304824	6473040.146950
595.309760	608024.837256
596.307842	1819339.945642
598.223533	1082527.068145
602.192383	1022805.153226
604.075390	699513.857007
605.289248	1089419.177140
605.325562	699899.546107
606.082076	3369092.087294
606.091142	1481197.408722
607.085242	886343.054081
607.304531	1402586.978919
607.341380	726778.707019
612.099211	603637.315786
614.187340	685800.384351
615.309696	797069.137971
616.176921	5057839.580421
617.052194	830130.081853
617.180217	1713161.313554
618.060329	956109.831083
619.298517	759187.572287
620.059116	1160734.857424
620.202776	1499249.914068
621.206203	601290.638416
621.272698	1986360.033324
621.309706	631158.976555
621.350912	646440.380700
622.054411	18500615.454725
622.276010	742108.284206
623.057863	5363713.626153
623.299796	1974937.660406
624.061927	801995.985909
624.302910	674239.766810
627.346285	1720326.503989
627.382740	592942.511269
628.064154	1891204.527949
629.067273	701559.341394
631.294059	540900.916601
633.309434	703569.876614
633.356385	1174913.366426
635.372212	1955988.505174
636.346355	1716223.463032
636.376252	1026239.552067
637.315017	1728371.023247
637.351189	957826.547345
637.367189	701675.880295
639.382473	1391594.616214
641.361931	1099292.822970
642.356790	722330.151792
642.365099	553125.289116
643.341148	3757580.089421
643.377558	808592.380064
644.037450	1445059.796750
644.344589	1377605.996405
645.041186	711703.226903
645.356718	1672859.751059
645.393018	855505.945860
646.340666	1268146.199149
647.372294	899164.628702
649.304197	3089390.470030
650.045939	1240335.222606
650.054930	683355.204822
650.306903	833530.169198
651.331102	671020.441293
653.346358	797117.938532
653.362213	734109.260064
655.371305	714730.974460
655.377597	8792500.770334
656.062886	834348.140710
656.380881	2613527.834992
657.318443	572451.975005
657.354170	1287103.678467
657.393118	1752094.970140
659.372000	769601.724548
660.010589	730551.827560
661.387885	3161768.810510
662.391442	906725.640540
663.331117	1539699.486273
663.367439	3743980.672228
663.403757	3772378.046044
664.351540	1935307.306132
664.370423	870954.785151
664.378071	1339974.364843
664.407087	1039984.163321
665.353075	850521.837240
665.383113	4223041.059286
666.019768	2135051.598057
666.349592	1543063.424451
666.386089	1438134.951130
667.022451	668639.027422
669.356693	806581.761065
670.124667	16650916.815029
670.364554	717484.081096
670.388681	1664570.291378
671.128077	5125698.823138
671.362591	589032.343471
671.366088	1137857.387647
671.372399	15841295.279567
672.037032	1991573.518681
672.131431	799448.355571
672.375283	5248848.262477
672.381208	1680698.959299
673.039895	702415.623723
673.327582	833631.858110
673.387960	4011902.834509
674.372112	1841175.553791
674.391344	1418189.040625
675.367608	1260132.970362
675.403786	1362687.089334
676.370623	612412.521070
676.387792	924221.949180
676.407621	610808.589041
677.347277	706512.149693
677.382713	2016078.795789
678.386366	677395.242377
679.325529	1506689.218051
679.362262	2660400.476944
680.333743	1498699.737308
680.357006	906006.133121
681.327961	785935.994680
681.331536	994242.870387
681.334878	2349791.698693
681.341412	35781630.534010
681.347900	2549071.933749
681.377825	2660690.232992
681.992301	1909141.776910
682.268175	692904.940542
682.336528	756255.194783
682.344883	10303258.472051
682.380827	765348.135331
682.996156	809386.993715
683.348541	1508831.633227
683.370481	651544.736505
685.349363	1325791.322451
685.385816	1185880.249535
687.328171	1574743.474120
687.367267	956212.794924
688.010640	1751667.231758
689.267876	3529648.219725
689.346789	840847.035276
689.383046	1023182.568474
689.419448	659500.711536
690.271371	1417434.739434
691.355519	632006.323464
691.362254	5128185.464646
691.391704	594093.730040
691.398586	4480291.184414
692.346381	2013160.701044
692.364909	1425528.631601
692.382422	1954475.663284
692.402208	1099043.152975
693.340929	646948.484316
693.354909	1072570.997454
693.370962	1499040.840298
693.377708	18183502.410751
693.388017	916666.413213
693.414081	5096746.281547
694.381268	5507390.137689
694.417667	1806616.258184
695.356748	1031987.991139
695.384364	784180.390852
697.336587	1573869.213468
697.966075	627605.975071
700.135182	3734520.187536
701.138737	1230283.247772
701.322935	847055.933442
701.358964	1033790.597546
701.383118	938210.162122
702.315416	742566.467099
702.366797	780037.542167
703.303135	1097420.250643
703.323411	14572736.829261
703.357145	614106.065728
703.398470	1893989.387337
703.984564	852736.672220
704.326701	3943513.432398
704.383008	834969.449518
705.319695	960019.998290
705.377534	857755.560266
705.414140	3803347.323327
706.399851	863695.358232
706.417757	1069858.933801
707.357000	4951194.067603
707.393356	4185559.964247
707.421874	595444.937469
708.341365	1588776.138101
708.358459	1177169.843830
708.365316	6761105.843568
708.388759	4466132.044665
709.338235	1376277.371756
709.346370	1137613.402805
709.350458	1233695.173714
709.354235	1781583.560294
709.358104	2808646.499067
709.361774	4204984.208371
709.365579	9721124.756349
709.372621	141069892.228272
709.379696	10104415.935513
709.383515	4385781.964881
709.387485	2808312.462505
709.394605	1717972.952108
709.408534	3315733.922554
710.376172	43768774.794064
710.383146	3423555.267405
710.387085	1363069.175250
710.391141	917753.778416
710.412245	1239717.614181
711.370480	1144651.175090
711.379435	6160007.176391
712.380595	942436.026974
713.187722	933419.546721
713.344329	1221014.232845
713.380051	1652362.891241
714.364935	804218.527540
715.359528	7707056.736612
715.396744	774447.886344
716.363094	3019336.075986
717.316564	707435.063299
717.358873	1651823.230011
717.377686	2614711.291172
718.362302	923288.471147
718.380342	619927.691975
718.386702	723776.498889
719.297212	11754473.851667
719.365516	801206.529941
719.393306	9710297.523003
719.400690	741502.924476
720.300845	3749044.311634
720.377537	3374481.015139
720.396247	2662227.543899
720.402793	1643748.579171
720.425104	861855.685642
721.372620	2896431.757059
721.393657	1081505.152461
721.397858	1466415.893385
721.401812	2783090.998544
721.408978	43835779.859183
721.416306	3158702.389761
721.424540	769342.527798
722.376135	745598.812632
722.395313	812255.915055
722.412638	15041240.751443
723.352119	1061502.511689
723.388196	1462766.932859
723.415487	2491889.407214
725.238308	604588.372502
725.305436	3097819.229492
725.367796	6776122.768462
725.375606	603495.730167
726.308348	892699.081003
726.370780	1951114.638928
727.395788	1336156.249368
728.393098	595987.069611
728.431474	938694.848320
729.339138	1231512.474478
729.354671	1251309.894616
729.375350	1270535.529707
730.321638	656451.619328
730.347155	2375790.510531
730.370356	1678262.427934
731.321669	657439.842770
731.333560	5831309.574394
731.342996	1653039.759524
731.354618	61845137.689933
731.362097	4451497.669943
731.366283	2125845.510193
731.370541	814437.517370
731.377806	818217.356533
732.337005	1477849.196385
732.350249	1653404.378580
732.358187	18766154.941204
732.370004	711027.554264
733.330645	1860163.930102
733.361205	2456143.381086
733.370991	954552.454605
733.409017	1451372.755908
734.252839	590109.159154
734.362127	786698.715359
734.404046	644433.793291
735.352620	581779.866643
735.388532	9454590.160829
735.396138	699562.263432
735.424912	886437.915724
736.303272	531197.488662
736.372427	3355883.961554
736.380648	961610.971056
736.389106	2698459.099448
736.396481	10495957.844193
736.403680	963581.064533
736.407775	723236.999179
736.412271	976769.648970
736.419965	8728922.062472
737.310785	1015630.795037
737.342589	1531276.453228
737.360006	877073.656151
737.367766	5400929.896856
737.379751	2300615.503205
737.384232	2493415.736825
737.388296	4177083.507529
737.392303	6783948.655787
737.396563	15300129.867833
737.404105	214530825.299590
737.411666	15420715.481663
737.415845	6794505.405179
737.420257	4922568.554913
737.427439	2230719.162329
737.431920	1168793.351553
737.436118	1081181.960388
737.440185	696836.095283
737.444404	663418.936010
738.345843	631135.178701
738.371159	1650537.892488
738.383330	799553.269005
738.387474	783848.050396
738.399572	5819552.828830
738.407453	71768320.749014
738.414998	5422263.116147
738.419201	2453505.078710
738.423515	1259499.984669
738.431304	680674.698006
739.167271	840549.811641
739.340317	932668.287755
739.395042	583895.319760
739.402028	1737412.188890
739.410557	10673061.939903
740.412719	1545631.349220
741.279427	3764086.884450
741.375122	1532037.954246
741.415140	744713.619987
742.282497	942108.762603
742.359707	686950.225153
742.377821	836928.300407
743.391129	13984917.023714
743.398858	1124756.097264
744.386467	757091.972292
744.394440	5215429.467540
745.280788	722732.534970
745.312395	930707.445064
745.389700	2118630.051905
746.321074	2225332.451768
746.345198	1206948.157250
746.391834	986287.311444
747.308297	807334.844221
747.317855	5051617.590319
747.328797	47645880.736777
747.336610	3759204.837555
747.341026	1641799.956794
747.350523	2804757.397213
747.361890	706566.757019
747.388133	1513899.717207
748.321023	1605357.003444
748.332021	13531362.511337
748.344287	595635.036527
748.353490	989548.273706
749.326254	3617672.098632
749.396287	600106.423035
749.404054	5891301.735942
750.330285	933805.091110
750.407489	1960933.182778
751.383343	2097917.031957
751.419729	586259.163787
752.329604	540131.644218
752.378103	878582.776397
752.392132	839127.606159
753.315233	1821752.481054
753.328382	931776.024717
753.336613	11501684.753990
753.344789	1039220.190053
753.391088	853902.086944
753.398990	10798975.558552
753.406934	829341.084918
754.340199	3530497.615260
754.402436	3337211.356055
755.313642	1525515.869053
755.342456	649843.855395
756.316272	654749.409606
756.425347	818353.976882
757.177253	675967.440268
757.253037	1368654.866633
757.349130	1278467.226459
757.370269	1944093.152774
758.353805	870632.196196
758.378705	2907959.068768
758.402321	2129179.105616
759.350912	2680384.788340
759.365247	9276567.992341
759.373526	2923891.761602
759.386110	81445267.131190
759.394167	5794102.125677
759.398555	2436543.530843
759.402989	1599906.031324
759.411370	861264.891310
760.275764	1592104.123168
760.354467	774883.147607
760.368607	2844878.457741
760.381147	2808850.085882
760.389338	27322923.594736
760.401940	1036780.301574
760.406688	942204.295265
761.362170	3343997.885032
761.374769	608400.218544
761.383724	907290.027927
761.392656	4323260.815620
762.284249	3329953.602704
762.365726	1296164.770195
762.392972	709844.872585
763.292629	2289338.913342
763.323662	2491518.410428
763.383207	1227383.819545
763.419956	1467364.326363
764.295598	1010539.001452
764.326898	772286.490936
764.415026	1651228.320223
765.373144	2526432.293183
765.398978	10994653.536149
766.336900	773286.072591
766.375994	731908.440099
766.402482	3533991.090457
767.371735	1206960.950065
767.406561	916773.578681
768.303268	639486.919742
769.285166	651742.890439
769.293101	884406.555005
769.310836	13966513.401588
769.329538	662837.949609
769.409576	691908.874997
769.445307	795099.861774
770.314265	4350218.002675
771.286890	849840.522773
771.308910	1242056.112853
771.386536	1165861.887447
772.311368	733678.742796
772.383272	857129.616041
772.419819	656628.501608
773.313142	1103983.003069
773.344510	1722710.884085
773.366824	745958.231252
774.323268	724741.688967
774.352608	2276919.474613
774.376179	1637151.708692
774.400007	661416.083264
775.323807	2047509.471109
775.333024	1167034.944896
775.338175	982482.865924
775.342719	1602782.353877
775.348431	5622552.165291
775.360134	62786771.853600
775.373200	2398308.030483
775.380059	4848966.695077
775.390729	607959.735107
776.351965	2008322.649500
776.363500	21111824.473942
776.371974	1652080.021110
776.383733	1451018.749972
777.357632	5022278.408581
777.398694	996936.940464
778.361571	1283340.867648
778.409822	747300.269652
778.431451	769495.028533
779.414377	1258062.104449
780.409794	2342912.548148
780.425283	660218.656352
781.332348	597073.415079
781.347285	3415520.386805
781.367941	15623407.096412
781.376534	1130766.054714
781.392040	979968.632650
781.414870	597003.042576
782.350943	964472.142345
782.371557	5144062.753981
783.344852	2001232.037950
783.374548	996495.236093
783.414435	791617.508920
784.265965	2323103.808670
784.348112	939146.554592
784.419624	698125.165648
785.274745	3908071.671862
785.285027	4489999.594767
785.306192	753147.373336
785.404115	2299554.633260
786.288585	1388497.064563
786.399127	1185270.467390
786.436163	759766.998478
787.282255	842586.017445
787.380966	4625991.031163
788.270800	862902.438601
788.376824	886102.180333
788.384892	1742956.310848
788.414869	1142397.365023
789.338655	603805.979518
789.399007	773971.076324
790.315594	5202288.280176
790.393759	844605.132209
791.292682	1419763.568194
791.316671	1287182.066806
791.324402	3056781.107836
791.354788	4134197.679251
791.413852	809226.203257
792.327496	1025501.066479
792.358821	1263963.231505
792.410472	642320.996728
792.425653	766800.472805
792.446658	898183.356081
793.268746	787136.576787
793.429641	844807.603733
794.404160	706894.621702
795.124699	1091922.243280
795.295506	845742.999847
796.383584	696855.726413
797.341924	19367768.649184
797.361114	847941.646165
797.404254	962102.089008
797.440652	1509281.660242
798.345485	6706296.360024
798.362355	841335.163078
798.399963	705747.517881
798.435682	946930.204959
799.317944	1213076.168355
799.339676	1584659.280441
799.419636	1593907.721888
800.240258	1714479.449740
800.342941	1511579.122030
800.415064	1281915.075938
801.248387	1455320.521378
801.398100	1283269.724312
801.435377	752354.050021
802.277047	951702.812434
802.285960	14434734.088699
802.394198	2538215.761402
802.430680	1335414.461915
803.289549	4664103.419841
803.347558	772361.132243
803.355736	2790794.279896
803.375251	709133.957744
803.397186	904115.818323
803.414301	828059.899295
803.451088	813484.228118
804.281650	1428556.156668
804.358717	815392.480309
804.410019	1253845.804717
804.446057	1294493.804258
806.094374	1571172.911929
806.389186	4093316.509758
806.424701	907107.371644
807.098516	806350.699078
807.256866	2041403.265313
807.393293	1073494.318024
807.445853	855532.929976
808.384078	1016898.035202
808.419495	708424.864421
808.441153	1569140.715978
809.361851	912611.115675
809.387891	823748.935777
809.424719	1035443.361341
810.399738	1248069.544986
811.096765	2087089.039224
811.395091	705500.447232
811.420463	1014230.811375
811.455863	941677.852366
812.297438	3175693.256518
812.378141	822397.946128
812.415131	1296481.414633
812.451582	1049330.324285
813.296939	948687.477322
813.315940	5414801.278196
813.337651	1258372.659653
813.398823	814768.573581
813.435357	5382544.929412
814.319414	1914780.882120
814.340113	5831481.434015
814.354504	564435.247461
814.394384	1233944.016384
814.430570	2637541.822557
815.314166	803969.422197
815.343571	1990936.924749
815.414161	1533381.325629
815.432680	897586.191039
815.451161	762324.192301
816.373745	907244.463555
816.409874	2893020.846869
816.446255	1421906.408598
817.107107	1052010.450019
817.394513	728281.951200
817.412758	682375.453936
817.429348	976413.562452
818.366914	628960.571191
818.389317	1738456.278140
818.425646	1808220.445403
818.460991	681509.622050
819.324642	1843990.016894
819.409653	590400.209997
819.445151	870163.775651
820.420065	1168385.414914
821.389262	771152.025627
821.424446	831802.182165
822.222178	808355.113727
822.348108	873138.282614
822.398791	926159.027903
823.230412	1818413.453875
823.457953	701574.598336
824.268430	672133.023734
824.361357	947110.766655
824.378391	965230.498577
824.415445	1526867.215316
824.433757	1049660.124974
824.451218	832413.806052
825.336730	807908.106697
825.363729	713707.882781
825.409942	779698.090424
825.436041	1086615.962911
825.471767	1729534.846931
826.358385	1356865.398596
826.376475	3095039.069284
826.394169	4087371.509442
826.430985	1666373.720532
826.467848	722174.272767
827.380147	1031075.013679
827.397106	1456681.671113
827.414882	1111915.948283
827.451000	2013733.718262
828.271320	1985506.787288
828.373521	899691.140612
828.409625	1486700.870224
828.445942	2131735.409246
829.280019	1551925.755467
829.394407	669730.928324
829.429949	1661661.916991
829.442191	1339780.330823
830.282620	1284629.159331
830.317402	1427783.253020
830.353841	653346.663636
830.388498	783642.185934
830.425577	4689011.843413
830.463033	786399.504792
831.383675	736162.729998
831.409145	1058243.345742
831.429002	1774449.921165
832.369325	626415.852867
832.405118	1019653.895411
832.441385	1333571.597513
833.079864	626672.913286
834.383220	1168729.586439
834.395749	600297.085993
834.420490	6400931.035989
834.456700	700629.379071
835.287735	2292492.165220
835.424251	2189085.019996
835.477236	1220797.422133
836.292681	902167.198466
836.378832	1584387.674186
836.414660	3275398.390195
836.429499	775821.079158
836.451620	724053.782655
837.418355	1452079.382865
838.358120	865618.820548
838.394491	2790182.950365
838.412286	737458.763244
838.430746	1506358.043835
839.088709	904259.377774
839.396739	855275.807251
839.428780	873310.663433
839.451546	695208.361911
840.356669	836642.950097
840.373917	1123783.377652
840.409675	1554697.270381
840.446533	1318611.445476
840.482629	761557.794574
841.386010	781320.109830
841.412351	758186.031759
841.430647	1343296.101722
841.466902	6519034.213261
842.361457	1401054.745456
842.371365	19624406.546903
842.381340	1601925.263596
842.390767	944100.156657
842.425491	1860539.921032
842.470109	2702325.144846
843.364958	935633.486409
843.374959	7723055.325232
843.407087	655242.860021
843.446631	1795612.096715
843.476156	623390.459620
844.366090	1005209.419728
844.378165	1375017.591093
844.404797	2223583.624847
844.441051	3359381.184018
844.478675	780741.254948
845.388604	697835.750741
845.444504	1160689.954810
846.312385	13071745.278451
846.397112	700265.325586
846.420844	2925707.952040
847.315884	4589818.190480
847.380009	693180.810986
847.424593	1052558.338943
848.319831	1033001.476377
848.414419	1311328.583419
848.450468	1045146.439966
849.419189	1412240.445784
849.456229	957901.518928
849.493439	1089282.504839
850.253372	867314.248448
850.378799	3087097.263874
850.390587	840230.321983
850.413238	746867.782220
850.430836	1725029.530190
851.261795	2048226.181016
851.383412	1321655.328767
851.434562	668091.699878
852.264581	681726.468367
852.373710	1667427.448320
852.392712	2305108.630886
852.410958	2294262.193988
852.447185	1320414.188135
853.396128	837441.897792
853.441733	757875.516813
853.466628	842689.774680
854.389251	2378897.369482
854.407647	4888778.236089
854.425642	6558735.935907
854.462333	1441556.092690
855.062394	1873188.452079
855.391256	713914.508233
855.411169	2537978.104194
855.428963	2470660.997460
855.446162	959079.181413
855.481968	1446606.381715
856.065554	902381.406624
856.333104	1446356.081962
856.368892	1547070.273651
856.403764	1174709.005230
856.441598	1323765.227191
856.477394	1383064.387276
857.436723	1219667.723165
857.472919	1689395.966350
858.348557	6779923.040353
858.367511	1093382.129457
858.384141	873246.795547
858.419807	1448855.150610
858.456260	906822.062140
859.352052	2292813.904461
859.450620	901540.719395
860.436597	1389779.441424
861.079818	1253235.368003
861.457436	653150.915978
862.415258	1454401.611639
862.429596	771219.349868
862.524255	1012589.448063
863.508730	964451.813508
864.352306	1017136.468487
864.409868	4631164.634929
864.446439	3211774.064778
864.464515	665381.470616
865.413152	1707012.740383
865.449679	1334935.755081
865.462512	2255043.140201
866.354038	993433.429616
866.389765	1759479.715480
866.425678	6687049.985285
866.461666	1003305.855774
867.398016	1227361.867096
867.429024	2890530.250956
867.457294	925325.089544
868.368395	961956.685740
868.387626	950443.922114
868.405285	2731595.865127
868.441440	1901164.639258
868.477460	1225913.546956
869.409253	956952.417470
869.436852	1345546.138744
869.472826	1044678.431719
869.497974	1524782.555581
870.391972	1974945.941021
870.402860	25241591.930163
870.413928	2340798.207299
870.424085	1350764.865587
870.439083	816089.420414
870.456291	1015788.579683
871.036056	1098347.446362
871.395654	1347633.740523
871.406302	10402315.958644
871.441025	1213261.755514
871.486292	792711.550188
872.040067	610931.549568
872.329134	682717.571152
872.364196	1073385.345371
872.397361	974441.972268
872.409822	2486834.453439
872.435737	1969431.727500
872.469823	737597.549237
873.336188	2505782.050164
873.358909	981288.364410
873.430625	1386202.381888
873.467076	987201.675982
873.494647	630771.598965
874.321304	1056941.498428
874.343670	52339216.550836
874.354410	3586105.829996
874.360130	1531038.408692
874.366151	1092984.088397
874.381770	859228.332693
874.413145	644707.268806
874.452806	1019681.224767
874.560666	739164.765555
875.336688	2225277.546071
875.347051	18990823.150163
875.409856	1179293.619411
875.508465	823485.927795
876.338634	4314240.084545
876.446021	1517670.314847
877.044415	2042727.733997
877.342415	1580427.553737
877.420592	919298.615366
877.450822	1575602.801077
877.479455	941972.001008
877.523135	979741.354189
878.048473	825478.734289
878.410090	3896924.326617
878.425581	904060.774467
878.462687	1653089.157652
879.413092	1393076.423798
879.423370	866817.593256
879.465882	913854.266481
880.404753	5277587.064175
880.424224	1628528.235167
880.441506	3133529.034302
881.408143	1877138.863458
881.444901	1281461.369713
881.473674	996445.412434
881.497140	716603.704809
882.348570	2103723.419207
882.420503	3429426.072394
882.456631	2226760.630609
883.414739	1647988.956533
883.451716	1276936.448601
883.478238	767973.196853
883.514329	911824.196006
884.364218	2843133.750660
884.399813	2634234.035631
884.436504	1193831.292342
884.471719	1129531.155502
884.486944	620568.598886
884.507681	902412.473698
885.367519	1469245.631363
885.393167	577166.505271
885.403620	1321118.784630
885.429879	731066.087291
885.467799	1534669.462294
885.504288	1505288.585668
886.379828	10438889.845034
886.398956	1482703.868271
886.417067	728257.498446
886.450263	881425.627934
886.487732	953122.833867
887.383770	4659733.772456
887.401866	881284.793368
887.445034	1039844.728437
887.482721	1023510.355211
888.386598	1080595.135957
888.466203	710241.312022
889.425936	677811.524969
890.338512	2414784.391621
890.519462	2142663.617663
890.555762	2062408.853955
891.342518	897010.940861
891.503787	956583.496249
892.384324	925828.856045
892.441417	5606018.849172
893.018030	2173725.756335
893.444542	1876742.802561
893.473777	722546.479718
894.420489	2599676.254383
894.457103	7560247.543779
895.414069	1280248.512840
895.429794	1325486.290085
895.460675	3199053.789130
896.325526	1679373.380431
896.399575	1746552.884404
896.419227	1215672.864533
896.436549	3674210.837799
896.465158	794125.153452
897.330116	755148.718141
897.429047	951283.665802
897.440898	1584148.582176
897.467234	2089406.796795
897.493573	792610.036316
897.529788	1392421.298550
898.415404	2400000.222423
898.451546	1082504.409100
899.036663	879091.734000
899.408612	770217.622663
899.419103	833871.649894
899.446351	1221693.137333
899.483795	786101.972258
899.507120	696864.837579
900.359168	1463798.198084
900.395729	667350.983918
900.430816	998678.642566
900.468461	761624.454239
901.367068	3682723.028966
901.390697	1812964.183163
901.462888	2535768.842907
901.498887	856634.092314
902.333705	876991.184279
902.351178	1600420.902984
902.357421	2155312.879131
902.363513	5041110.377592
902.374839	72711608.547307
902.386334	4917021.806902
902.392418	2007155.971075
902.466239	912011.646165
902.482522	1118061.200316
902.555725	910164.060953
903.360738	1145557.593013
903.367654	3248953.660406
903.378652	28792728.924012
903.389908	2349797.013077
903.396103	768899.500065
903.402300	930134.410504
903.439583	711603.776609
903.476277	682116.292320
904.369832	5748878.539035
904.381648	5870231.516094
904.393654	620109.889017
905.373846	2944064.492514
906.376306	802373.022813
906.421213	883846.797647
906.513809	715183.817557
907.426570	999550.206456
907.451884	1275115.538829
907.489943	686512.901970
908.436362	6411407.807955
908.991248	947165.296113
909.365551	1014398.378889
909.429770	1700634.721028
909.440448	2434165.653266
910.414869	1110290.819660
910.432619	674302.490201
910.452009	1710322.912297
910.488610	1118365.980360
911.446557	2602435.216493
911.458157	942504.312615
911.483585	1238173.713525
912.300648	850484.280187
912.430880	3367016.583731
912.463230	665064.741762
912.502479	827867.261886
912.537261	735043.004492
913.434579	1333149.473650
913.462258	1001100.037095
913.488778	1723497.260894
914.480526	705875.846206
914.493463	803321.051303
915.478993	1364822.961991
916.432836	780343.628588
916.499542	871149.774496
917.456722	897402.539370
918.369801	4302036.284033
918.550713	5610496.726826
918.587221	1569712.780662
919.373265	1701826.703597
919.554879	2410823.913770
920.530305	739138.908979
921.468586	698206.004438
922.413726	668451.672155
923.447104	1917054.442572
924.356847	2761596.606690
924.431269	1746529.769105
925.361232	1227037.279055
925.434598	769833.713526
925.492774	765061.810668
925.522929	1003357.167137
926.332308	791652.932790
926.446951	2766853.542244
927.440640	1008604.754511
927.450974	1039184.218234
927.515561	695578.907330
928.471666	914173.781284
928.510054	824355.948336
929.494009	3466096.778024
930.369807	1033041.642240
930.418250	817321.847151
930.498001	1637041.288032
930.514118	840851.381123
930.587548	1057497.390628
931.509272	768471.465861
932.477959	828917.299984
933.479521	695018.753689
934.545536	1040686.572705
935.455986	1400528.788258
936.469903	684131.960584
936.524987	1252490.344723
937.462717	2344393.654138
937.527849	614091.199696
939.475128	945550.890877
940.331229	1647272.392613
940.488938	687589.373109
940.532654	3142167.540407
940.569367	924395.965598
941.334934	766592.243038
941.519989	1883871.425304
941.537280	1148298.810153
942.524054	982077.725116
944.529109	675105.362735
945.488487	969469.700820
946.582157	6960750.396901
947.585617	3052192.240369
948.428979	834738.504879
948.560461	863075.776841
948.589673	687508.711265
949.472873	1221641.015226
952.570216	672388.348763
955.536524	834308.727154
956.506793	2103211.386786
956.542582	723458.679036
957.512397	720427.020622
959.539070	740217.160251
961.423549	637980.650491
961.515208	602799.207487
962.514697	859118.518934
962.576749	1322664.343052
963.488957	1141865.091699
964.556315	3360258.524701
965.559989	1361280.323919
967.536375	739794.515625
968.539012	813878.149019
968.564243	3648906.569410
969.551526	866702.201054
969.568365	1646929.812247
971.530126	1341437.089411
972.533981	778229.597299
973.463572	585825.398089
973.546351	545956.839074
974.552559	606922.103452
976.490101	596716.636364
976.592441	1021454.815304
978.488963	1063994.265597
982.509742	1586642.497433
983.515584	1037691.652374
983.566782	1731202.846104
984.538308	3001525.891435
985.542156	1392675.004013
987.524705	629306.786034
990.546139	820491.510021
992.587980	3859283.342558
993.590730	1749210.683219
997.582268	845238.994965
999.561613	2895227.254687
1000.565858	1196401.645657
1002.467949	996209.709665
1003.515198	2187551.983346
1006.507937	908860.629880
1006.522708	1130241.419011
1007.410547	949777.446117
1009.531402	883781.975026
1011.597718	2155293.758922
1012.602504	1038717.769869
1019.409709	912760.976032
1021.602983	987030.181351
1025.457924	654124.628913
1027.592649	3207888.314537
1028.595989	1131691.256578
1031.514459	591745.661470
1035.440299	703441.527224
1037.458326	718948.987683
1041.451767	798086.393149
1041.470638	1022016.816053
1044.526226	1883610.252518
1045.530047	1195911.131802
1047.441247	777724.299147
1049.634325	1223962.397296
1050.638880	731459.031192
1053.584211	1139019.820533
1054.589038	872560.295818
1056.606543	738075.055285
1063.453067	1025327.483279
1066.085502	705694.988703
1069.483959	1341627.058601
1073.406974	730055.521291
1080.555116	940545.887180
1083.520402	981594.935480
1108.585610	1679840.423065
1112.544443	1103917.517327
1116.568605	630833.927017
1123.539005	1437701.809098
1124.544141	762997.202994
1140.540978	902948.542254
1144.971249	714943.087547
1163.537905	1027193.305244
1227.600980	1532662.542846
1228.604172	793407.111133
1235.652264	702206.077228
1279.669951	1028076.083705
1281.621178	665631.783503
1288.814532	830948.303151
1334.596382	1708217.105797
1335.600477	988268.831911
1353.602002	1034209.875234
1354.604703	841584.335674
1399.728156	982692.403042
1422.692192	876727.219742
1423.693945	1113336.503309
1427.759819	1663990.159713
1428.759590	941296.018585
1451.684276	758651.987575
1455.792060	1373241.435798
1461.742031	904598.463189
1462.735162	840987.007970
1481.769072	1001594.026347
1483.782063	923736.231068
1505.770123	1082527.410933
1506.777513	943008.583024
1507.786322	1148873.487346
1508.790668	859840.029609
1509.803879	1162651.722477
1520.795734	655142.917962
1533.802920	911759.696753
1535.818195	1038229.401535
1562.793043	667506.258892
1564.807785	971242.259319
1640.786023	957199.702936
1835.903770	1080632.164400
1888.021911	732220.753636
